image_width: 1440
image_height: 1080
camera_name: cam0
camera_matrix:
  rows: 3
  cols: 3
  data: [1190.029086382021, 0.0, 703.393955246477, 0.0, 1189.4651909385877, 528.2716371779658, 0.0, 0.0, 1.0]
distortion_model: equidistant
distortion_coefficients:
  rows: 1
  cols: 4
  data: [-0.3478113718312443, 0.17920075355855852, -3.4233333783461397e-05, 0.0002814967648711928, -0.05818638223576481]
rectification_matrix:
  rows: 3
  cols: 3
  data: [1.000000, 0.000000, 0.000000, 0.000000, 1.000000, 0.000000, 0.000000, 0.000000, 1.000000]
projection_matrix:
  rows: 3
  cols: 4
  data: [1190.029086382021, 0, 703.393955246477, 0, 0, 1189.4651909385877, 528.2716371779658, 0, 0, 0, 1, 0]
