%YAML:1.0
---
Camera_Matrix: !!opencv-matrix
   rows: 3
   cols: 3
   dt: d
   data: [ 1.1900290863820210e+03, 0., 7.0339395524647705e+02, 0.,
       1.1894651909385877e+03, 5.2827163717796577e+02, 0., 0., 1. ]
Distortion_Coefficients: !!opencv-matrix
   rows: 1
   cols: 5
   dt: d
   data: [ -3.4781137183124428e-01, 1.7920075355855852e-01,
       -3.4233333783461397e-05, 2.8149676487119281e-04,
       -5.8186382235764812e-02 ]
