%YAML:1.0
Camera_Matrix: !!opencv-matrix
   rows: 3
   cols: 3
   dt: d
   data: [ 1.1886487602812851e+003, 0., 7.031854605669674e+002, 0., 
       1.1882098070114034e+003, 5.257547549290853e+002,
       0., 0., 1.0 ]
Distortion_Coefficients: !!opencv-matrix
   rows: 1
   cols: 5
   dt: d
   data: [ -3.438020058660242e-001, 1.5531399999754394e-001, 2.712368512465004e-004, 2.055127269317299e-004,
       -1.846646361336989e-002] 