%YAML:1.0
---
Camera_Matrix: !!opencv-matrix
   rows: 3
   cols: 3
   dt: d
   data: [ 1.1888669064004489e+03, 0., 7.0316364061896445e+02, 0.,
       1.1884232205378785e+03, 5.2532873859338895e+02, 0., 0., 1. ]
Distortion_Coefficients: !!opencv-matrix
   rows: 1
   cols: 5
   dt: d
   data: [ -3.4349950741866392e-01, 1.5382842023529986e-01,
       3.0350345824965756e-04, 2.1994253292769179e-04,
       -1.6145996041023902e-02 ]
